[
  82,
  68,
  73,
  79,
  128,
  0,
  1,
  "bits",
  "calc",
  7,
  101,
  118,
  101,
  110,
  116,
  73,
  100,
  128,
  0,
  0,
  39,
  98,
  105,
  108,
  105,
  98,
  105,
  108,
  105,
  45,
  109,
  97,
  110,
  103,
  97,
  46,
  109,
  97,
  110,
  103,
  97,
  45,
  114,
  101,
  97,
  100,
  46,
  114,
  101,
  97,
  100,
  46,
  118,
  46,
  112,
  108,
  97,
  121,
  101,
  114,
  5,
  108,
  111,
  103,
  73,
  100,
  0,
  0,
  0,
  6,
  48,
  48,
  49,
  53,
  51,
  56,
  10,
  39,
  98,
  105,
  108,
  105,
  98,
  105,
  108,
  105,
  45,
  109,
  97,
  110,
  103,
  97,
  46,
  109,
  97,
  110,
  103,
  97,
  45,
  114,
  101,
  97,
  100,
  46,
  114,
  101,
  97,
  100,
  46,
  118,
  46,
  112,
  108,
  97,
  121,
  101,
  114,
  18,
  177,
  1,
  8,
  17,
  16,
  3,
  26,
  37,
  88,
  89,
  49,
  48,
  55,
  53,
  50,
  50,
  50,
  50,
  50,
  50,
  50,
  50,
  50,
  50,
  50,
  50,
  50,
  50,
  50,
  50,
  50,
  50,
  50,
  50,
  48,
  55,
  53,
  56,
  68,
  67,
  56,
  52,
  69,
  66,
  66,
  34,
  12,
  112,
  99,
  95,
  98,
  105,
  108,
  105,
  99,
  111,
  109,
  105,
  99,
  42,
  7,
  115,
  97,
  109,
  115,
  117,
  110,
  103,
  50,
  58,
  71,
  121,
  115,
  97,
  76,
  120,
  112,
  45,
  82,
  51,
  89,
  81,
  74,
  120,
  69,
  108,
  87,
  87,
  116,
  90,
  97,
  49,
  107,
  95,
  67,
  68,
  111,
  73,
  98,
  65,
  65,
  65,
  65,
  67,
  66,
  99,
  79,
  81,
  65,
  50,
  65,
  122,
  99,
  68,
  77,
  119,
  65,
  50,
  85,
  68,
  77,
  67,
  78,
  70,
  86,
  105,
  85,
  119,
  58,
  8,
  83,
  77,
  45,
  71,
  57,
  55,
  55,
  78,
  66,
  5,
  55,
  46,
  49,
  46,
  50,
  72,
  159,
  221,
  239,
  154,
  6,
  88,
  185,
  78,
  96,
  25,
  106,
  11,
  97,
  114,
  109,
  101,
  97,
  98,
  105,
  45,
  118,
  55,
  97,
  122,
  8,
  54,
  97,
  97,
  97,
  97,
  97,
  54,
  49,
  26,
  48,
  8,
  1,
  18,
  5,
  51,
  49,
  48,
  49,
  54,
  42,
  6,
  52,
  46,
  50,
  50,
  46,
  48,
  50,
  8,
  51,
  54,
  52,
  50,
  50,
  48,
  48,
  48,
  58,
  12,
  57,
  46,
  48,
  46,
  52,
  50,
  45,
  98,
  101,
  116,
  97,
  50,
  74,
  5,
  50,
  48,
  48,
  54,
  50,
  34,
  "mid_v_len",
  "mid",
  40,
  "ctime",
  50,
  6,
  48,
  48,
  49,
  53,
  51,
  56,
  64,
  134,
  130,
  1,
  72,
  9,
  106,
  "manga_id_len",
  10,
  8,
  109,
  97,
  110,
  103,
  97,
  95,
  105,
  100,
  18,
  "manga_id_v_len",
  "manga_id",
  106,
  12,
  10,
  7,
  102,
  108,
  117,
  116,
  116,
  101,
  114,
  18,
  1,
  49,
  106,
  43,
  10,
  7,
  114,
  101,
  97,
  100,
  95,
  105,
  100,
  18,
  32,
  49,
  50,
  50,
  50,
  50,
  50,
  50,
  50,
  50,
  50,
  50,
  50,
  50,
  50,
  53,
  57,
  56,
  56,
  51,
  57,
  57,
  102,
  53,
  55,
  52,
  53,
  55,
  48,
  57,
  57,
  54,
  56,
  106,
  13,
  10,
  8,
  102,
  114,
  101,
  101,
  102,
  108,
  111,
  119,
  18,
  1,
  48,
  106,
  "manga_num_len",
  10,
  9,
  109,
  97,
  110,
  103,
  97,
  95,
  110,
  117,
  109,
  18,
  "manga_num_v_len",
  "manga_num",
  112,
  1,
  120,
  "sn_gen_time",
  128,
  1,
  "upload_time"
]
